40.7128 -74.0059
34.0522 -118.244
41.8781 -87.6298
29.7604 -95.3698
39.9526 -75.1652
33.4484 -112.074
29.4241 -98.4936
32.7157 -117.161
32.7767 -96.797
37.3382 -121.886
30.2672 -97.7431
39.7684 -86.1581
30.3322 -81.6557
37.7749 -122.419
39.9612 -82.9988
35.2271 -80.8431
32.7555 -97.3308
42.3314 -83.0458
31.7776 -106.442
35.1495 -90.049
47.6062 -122.332
39.7392 -104.99
38.9072 -77.0369
42.3601 -71.0589
36.1627 -86.7816
39.2904 -76.6122
35.4676 -97.5164
38.2527 -85.7585
45.5231 -122.676
36.1699 -115.14
43.0389 -87.9065
35.0853 -106.606
32.2217 -110.926
36.7468 -119.773
38.5816 -121.494
33.7701 -118.194
39.0997 -94.5786
33.4152 -111.831
36.8529 -75.978
33.749 -84.388
38.8339 -104.821
41.2524 -95.998
35.7796 -78.6382
25.7617 -80.1918
37.8044 -122.271
44.9778 -93.265
36.154 -95.9928
41.4993 -81.6944
37.6889 -97.3361
32.7357 -97.1081
29.9511 -90.0715
35.3733 -119.019
27.9506 -82.4572
21.3069 -157.858
39.7294 -104.832
33.8353 -117.915
33.7456 -117.868
38.627 -90.1994
33.9533 -117.396
27.8006 -97.3964
38.0406 -84.5037
40.4406 -79.9959
61.2181 -149.9
37.9577 -121.291
39.1031 -84.512
44.9537 -93.09
41.6639 -83.5552
36.0726 -79.792
40.7357 -74.1724
33.0198 -96.6989
36.0395 -114.982
40.8258 -96.6852
42.8864 -78.8784
40.7282 -74.0776
32.6401 -117.084
41.0793 -85.1394
28.5383 -81.3792
27.7731 -82.64
33.3062 -111.841
27.5306 -99.4803
36.8508 -76.2859
35.994 -78.8986
43.0731 -89.4012
33.5779 -101.855
33.6839 -117.795
36.0999 -80.2442
33.5387 -112.186
32.9126 -96.6389
25.8576 -80.2781
39.5296 -119.814
36.7682 -76.2875
33.3528 -111.789
30.4583 -91.1403
32.814 -96.9489
33.4942 -111.926
36.1989 -115.118
37.5483 -121.989
43.6187 -116.215
37.5407 -77.436
34.1083 -117.29
33.5207 -86.8025
47.6588 -117.426
43.161 -77.6109
41.6005 -93.6091
37.6391 -120.997
35.0527 -78.8784
47.2529 -122.444
34.1975 -119.177
34.0922 -117.435
32.461 -84.9877
32.3668 -86.3
33.9425 -117.23
32.5252 -93.7502
41.7606 -88.3201
40.9312 -73.8987
41.0814 -81.519
33.6603 -117.999
34.7465 -92.2896
33.4735 -82.0105
35.222 -101.831
34.1425 -118.255
30.6954 -88.0399
42.9634 -85.6681
40.7608 -111.891
30.4383 -84.2807
34.7304 -86.5861
32.746 -96.9978
35.9606 -83.9207
42.2626 -71.8023
37.0871 -76.473
25.9017 -97.4975
38.9822 -94.6708
34.3917 -118.543
41.824 -71.4128
33.7739 -117.941
35.0456 -85.3097
33.1959 -117.379
32.2988 -90.1848
26.1224 -80.1373
38.4404 -122.714
34.1064 -117.593
27.273 -80.3582
33.4255 -111.94
34.0633 -117.651
45.6387 -122.661
26.5629 -81.9495
43.5446 -96.7311
37.209 -93.2923
33.5806 -112.237
26.0078 -80.2963
38.4088 -121.372
44.9429 -123.035
34.6868 -118.154
33.8753 -117.566
44.0521 -123.087
34.5794 -118.116
36.6777 -121.656
42.1015 -72.5898
29.6911 -95.2091
40.5853 -105.084
37.6688 -122.081
34.0551 -117.75
35.7915 -78.7811
42.2711 -89.094
38.8048 -77.0469
33.1192 -117.086
33.1972 -96.6398
39.1141 -94.6275
41.525 -88.0817
37.3688 -122.036
33.8358 -118.341
41.1865 -73.1952
39.7047 -105.081
26.0112 -80.1495
40.9168 -74.1718
41.7508 -88.1535
43.0481 -76.1474
32.7668 -96.5992
39.7589 -84.1916
32.0835 -81.0998
36.5298 -87.3595
33.7878 -117.853
34.1478 -118.145
33.8704 -117.924
31.1171 -97.7278
33.1507 -96.8236
37.0299 -76.3452
26.2034 -98.23
42.5145 -83.0147
47.6104 -122.201
40.6916 -112.001
34.0007 -81.0348
38.8814 -94.8191
42.5803 -83.0302
41.3083 -72.9279
25.9861 -80.3036
31.5493 -97.1467
34.1706 -118.838
41.9779 -91.6656
32.7765 -79.9311
36.3302 -119.292
39.0558 -95.689
40.664 -74.2107
29.6516 -82.3248
39.868 -104.972
38.7521 -121.288
32.9756 -96.89
26.2712 -80.2706
41.0534 -73.5387
34.2694 -118.781
37.978 -122.031
41.7637 -72.6851
47.3809 -122.235
30.2241 -92.0198
31.9973 -102.078
33.6292 -112.368
33.2148 -97.1331
34.5362 -117.293
37.9716 -87.5711
37.3541 -121.955
32.4487 -99.7331
33.9519 -83.3576
38.1041 -122.257
40.6084 -75.4902
35.2226 -97.4395
30.0802 -94.1266
39.0911 -94.4155
35.8456 -86.3903
42.2808 -83.743
39.7817 -89.6501
37.8716 -122.273
40.6936 -89.589
40.2338 -111.659
34.0686 -118.028
38.9517 -92.3341
42.7325 -84.5555
46.8772 -96.7898
33.9401 -118.133
33.6411 -117.919
34.2257 -77.9447
39.8028 -105.087
33.9617 -118.353
25.942 -80.2456
33.1581 -117.351
39.8367 -105.037
44.0121 -92.4802
31.8457 -102.368
42.9956 -71.4548
42.0354 -88.2826
40.6097 -111.939
30.5083 -97.6789
27.9659 -82.8001
41.5582 -73.0515
45.5001 -122.43
38.2494 -122.04
45.7833 -108.501
42.6334 -71.3162
34.2746 -119.229
38.2544 -104.609
35.9557 -80.0053
34.0686 -117.939
37.9358 -122.348
33.5539 -117.214
42.3736 -71.1097
38.0049 -121.806
33.4936 -117.148
33.9022 -118.082
39.5807 -104.877
47.979 -122.202
28.0345 -80.5887
33.9137 -98.4934
44.5192 -88.0198
37.6879 -122.47
34.1808 -118.309
32.9483 -96.7299
26.2379 -80.1248
32.8546 -79.9748
36.0609 -95.7975
40.015 -105.271
26.7153 -80.0534
34.953 -120.436
32.7948 -116.963
41.5236 -90.5776
34.1064 -117.37
32.3199 -106.764
37.563 -122.326
33.0462 -96.9942
41.6764 -86.252
28.0395 -81.9498
42.1292 -80.0851
32.3513 -95.3011
29.5636 -95.286
30.628 -96.3344
42.5847 -87.8212
33.9304 -84.3733
36.8252 -119.703
43.0125 -83.6875
37.271 -79.9414
42.6526 -73.7562
33.9972 -117.485
33.8958 -118.22
31.4638 -100.437
45.5229 -122.99
34.6036 -98.3959
47.4829 -122.217
33.2 -117.243
26.0765 -80.2521
40.4233 -104.709
33.6 -117.672
36.8354 -76.2983
42.3223 -83.1763
33.9547 -118.212
33.2098 -87.5692
42.3684 -83.3527
41.6362 -70.9342
38.3566 -121.988
42.0834 -71.0184
34.0232 -84.3616
45.4871 -122.804
42.2529 -71.0023
39.5349 -119.753
46.6021 -120.506
38.9108 -94.3822
47.3223 -122.313
33.8317 -118.282
34.0195 -118.491
34.4264 -117.301
33.1032 -96.6706
35.2328 -106.663
32.6927 -114.628
33.7513 -117.994
40.2969 -111.695
42.4668 -70.9495
40.5865 -122.392
47.6732 -117.239
25.7907 -80.13
29.5075 -95.0949
38.9717 -95.2353
34.4208 -119.698
26.1276 -80.2331
40.565 -111.839
26.167 -80.2566
32.8407 -83.6324
40.1672 -105.102
26.3683 -80.1289
33.1434 -117.166
35.6127 -77.3664
42.3636 -87.8448
41.7015 -71.155
39.7285 -121.837
42.337 -71.2092
37.7249 -122.156
40.3356 -75.9269
41.1177 -73.4082
35.3859 -94.3985
33.6189 -117.929
35.5951 -82.5515
42.7654 -71.4676
35.6528 -97.4781
33.9792 -118.033
43.5407 -116.563
44.8408 -93.2983
28.9005 -81.2637
33.9164 -118.353
46.7867 -92.1005
39.9784 -86.118
36.7282 -76.5836
40.8584 -74.1638
38.7071 -121.281
37.6819 -121.768
37.7397 -121.425
34.0953 -118.127
47.6815 -122.209
40.2171 -74.7429
41.223 -111.974
33.4054 -86.8114
41.8456 -87.7539
39.9568 -86.0134
29.6197 -95.6349
41.3948 -73.454
43.6121 -116.392
33.7206 -116.216
35.4088 -80.5795
33.6971 -117.185
40.1164 -88.2434
33.8675 -117.998
42.6064 -83.1498
38.8106 -90.6998
34.0289 -84.1986
48.7491 -122.478
42.3242 -83.4002
39.1653 -86.5264
42.5 -96.4003
41.7001 -71.4162
33.7475 -116.972
32.5007 -94.7405
42.499 -83.3677
44.0582 -121.315
33.8536 -118.134
37.3022 -120.483
26.2159 -98.3253
34.0122 -117.689
37.4852 -122.236
26.3017 -98.1633
41.7798 -71.4373
41.4048 -81.7229
40.9115 -73.7824
33.647 -117.689
38.2975 -122.287
41.5834 -87.5
36.0626 -94.1574
40.4842 -88.9937
33.4356 -112.35
42.3876 -71.0995
29.5845 -81.2079
30.6744 -96.37
41.5934 -87.3464
27.9095 -82.7873
45.0941 -93.3563
33.7459 -117.826
42.7261 -87.7829
26.3184 -80.0998
37.4138 -79.1422
37.3861 -122.084
42.3265 -122.876
42.707 -71.1631
33.8817 -118.117
28.0836 -80.6081
39.7675 -94.8467
39.9259 -75.1196
37.0965 -113.568
46.2112 -119.137
34.0853 -117.961
33.9898 -117.733
37.7652 -122.242
31.5785 -84.1557
42.0884 -87.9806
41.409 -75.6624
42.0451 -87.6877
42.2917 -85.5872
29.7355 -94.9774
34.0975 -117.648
36.1867 -94.1288
40.6259 -75.3705
42.0334 -88.0834
32.8323 -79.8284
47.3073 -122.228
39.8403 -88.9548
37.7799 -121.978
37.6624 -121.875
42.9134 -85.7053
30.2266 -93.2174
45.0105 -93.4555
41.6986 -88.0684
26.1948 -98.1836
44.2619 -88.4154
35.2621 -81.1873
38.678 -121.176
42.4734 -83.2219
42.6584 -83.1499
41.6612 -72.7795
33.4353 -112.358
40.7989 -81.3784
32.613 -83.6242
37.5934 -122.044
33.7825 -117.229
37.7974 -121.216
41.6611 -91.5302
35.8423 -90.7043
39.7391 -75.5398
33.9303 -118.211
40.3978 -105.075
41.8787 -71.3826
26.5318 -80.0905
43.0117 -88.2315
30.3674 -89.0928
34.5008 -117.186
40.8568 -74.1285
44.0805 -103.231
41.0602 -111.971
40.4167 -86.8753
37.4947 -120.847
40.1934 -85.3864
31.0982 -97.3428
29.6186 -95.5377
34.0556 -117.183
35.687 -105.938
26.1404 -80.2134
37.4323 -121.9
42.1103 -88.0342
46.8787 -113.997
34.9249 -81.0251
34.7541 -77.4302
35.9251 -86.8689
35.1983 -111.651
33.0146 -97.097
26.1004 -80.3998
42.4928 -92.3426
40.6976 -74.2632
40.9126 -73.8371
26.6406 -81.8723
31.2232 -85.3905
38.5891 -121.303
33.8492 -118.388
35.6145 -88.8139
46.2396 -119.101
38.7881 -90.4974
44.8113 -91.4985
32.8343 -97.2289
46.8083 -100.784
33.8886 -117.813
29.9941 -90.2417
37.9101 -122.065
39.4143 -77.4105
44.0247 -88.5426
38.028 -121.885
37.4419 -122.143
32.516 -93.7321
43.6615 -70.2553
45.5579 -94.1632
38.5449 -121.741
37.6547 -122.408
34.2164 -119.038
34.7695 -92.2671
42.8142 -73.9396
39.1434 -77.2014
26.1906 -97.6961
44.9239 -92.9594
44.8041 -93.1669
39.1404 -121.617
45.0725 -93.4558
41.0998 -80.6495
42.0324 -87.7416
28.292 -81.4076
36.3134 -82.3535
28.8053 -97.0036
33.427 -117.612
40.6687 -74.1143
33.5225 -117.708
40.7673 -74.2049
39.0228 -94.7152
25.4687 -80.4776
39.084 -77.1528
26.4615 -80.0728
42.6828 -89.0187
35.0887 -92.4421
33.9831 -118.097
41.4528 -82.1824
34.0165 -118.114
38.1341 -121.272
29.703 -98.1245
48.0518 -122.177
26.2129 -80.2498
36.9613 -120.061
30.3119 -95.4561
36.9741 -122.031
44.8547 -93.4708
41.14 -104.82
29.2108 -81.0228
34.0754 -84.2941
39.3995 -84.5613
42.3765 -71.2356
45.1732 -93.303
42.7762 -71.0773
41.2619 -95.8608
42.2409 -83.2697
43.1009 -75.2327
42.0347 -93.62
33.932 -117.946
33.037 -117.292
36.9685 -86.4808
44.7677 -93.2777
34.8526 -82.394
41.5772 -93.7113
30.5052 -97.8203
36.2077 -119.347
34.0625 -118.123
39.4864 -75.026
39.4667 -87.4139
25.8901 -80.1867
32.5632 -97.1417
43.0167 -88.007
41.6718 -72.9493
40.6677 -111.939
42.4251 -71.0662
41.5382 -72.807
45.1608 -93.2349
26.6618 -80.2684
37.323 -122.032
44.0462 -123.022
36.332 -94.1185
42.4974 -82.8964
33.8883 -118.309
42.6389 -83.291
32.6781 -117.099
39.0639 -108.551
38.7907 -121.236
35.9132 -79.0558
42.8666 -106.313
39.9205 -105.087
38.2324 -122.637
40.5622 -111.93
39.9242 -83.8088
47.4942 -111.283
40.0379 -76.3055
27.0442 -82.2359
47.1718 -122.518
33.9526 -84.5499
37.9735 -122.531
42.4895 -83.1446
42.0334 -87.8834
33.9817 -118.225
32.7678 -117.023
41.6303 -87.8539
32.6099 -85.4808
44.6497 -93.2427
37.7719 -87.1112
35.3395 -97.4867
26.9342 -80.0942
43.4917 -112.034
42.5006 -90.6646
35.2045 -89.874
32.9029 -96.5639
42.4806 -83.4755
41.034 -73.7629
34.1397 -118.035
47.674 -122.122
33.6681 -117.327
29.1872 -82.1401
41.5731 -87.7933
29.1383 -80.9956
42.4184 -71.1062
41.72 -87.748
35.9382 -77.7905
40.4864 -86.1336
26.2517 -80.1789
39.0068 -76.7791
41.8506 -87.7937
35.4495 -97.3967
33.7092 -117.954
33.3703 -112.584
42.337 -83.2733
38.6785 -121.773
40.0456 -86.0086
30.8327 -83.2785
34.0286 -117.81
39.1836 -96.5717
32.8384 -116.974
41.9001 -71.0898
28.8029 -81.2695
39.6895 -84.1688
40.4862 -74.4518
34.6059 -86.9833
42.1487 -72.6079
40.1053 -85.6803
26.2445 -80.2064
42.2181 -70.941
40.7062 -73.6187
44.5646 -123.262
33.9525 -117.585
36.0652 -119.017
41.2705 -72.947
37.9319 -121.696
33.8895 -118.16
47.9253 -97.0329
30.6333 -97.678
38.7875 -90.6299
47.7557 -122.342
42.0664 -87.9373
36.3275 -119.646
40.5142 -88.9906
34.0806 -118.073
40.3916 -111.851
42.8713 -112.446
34.1283 -117.209
38.1074 -122.57
29.885 -93.9399
39.1638 -119.767
29.8833 -97.9414
36.3048 -86.62
41.3684 -82.1076
42.4084 -71.012
30.4394 -97.62
39.6137 -86.1067
41.1544 -95.9146
41.8661 -88.107
33.884 -84.5144
27.3364 -82.5307
39.017 -94.2816
34.0739 -117.314
32.8371 -97.082
39.3722 -104.856
33.7805 -116.467
36.5484 -82.5618
34.4839 -114.322
30.4213 -87.2169
40.744 -74.0324
34.0336 -117.043
36.9102 -121.757
46.2857 -119.284
35.7688 -119.247
42.063 -88.1227
38.7892 -90.3226
33.8722 -117.87
40.7879 -74.0143
37.7022 -121.936
41.885 -87.7845
42.5279 -70.9287
40.5068 -74.2654
42.3212 -85.1797
27.4989 -82.5748
37.0058 -121.568
41.2307 -73.064
44.6365 -123.106
41.7318 -93.6001
43.8014 -91.2396
36.0957 -79.4378
32.5897 -96.8571
38.4496 -78.8689
44.9212 -93.4687
41.682 -85.9767
41.482 -81.7982
34.1361 -117.865
34.989 -90.0126
38.3498 -81.6326
37.0842 -94.5133
36.3956 -97.8784
26.8234 -80.1387
33.8651 -84.3366
40.6337 -74.4074
40.9264 -98.342
33.7222 -116.374
35.4107 -80.8429
45.4312 -122.771
38.9536 -94.7336
43.4195 -83.9508
42.8695 -85.6447
25.8195 -80.3553
44.7319 -93.2177
32.9343 -97.0781
33.5677 -117.726
47.6163 -122.036
32.8795 -111.757
27.8428 -82.6995
42.7284 -73.6918
38.5805 -121.53
47.4704 -122.347
39.8083 -104.934
32.5093 -92.1193
33.8583 -118.065
41.8089 -88.0112
25.7215 -80.2684
35.7213 -77.9155
43.0962 -79.0377
32.9628 -117.036
44.8897 -93.3499
41.1339 -81.4846
33.6409 -117.603
40.2732 -76.8867
38.4192 -82.4452
33.9172 -118.012
33.817 -118.037
43.6629 -116.687
41.737 -111.834
29.3013 -94.7977
43.7508 -87.7145
39.5151 -84.3983
40.6669 -111.888
33.3943 -104.523
39.5186 -104.761
32.844 -97.1431
42.737 -84.4839
42.7262 -71.1909
34.09 -117.89
31.3113 -92.4451
47.0379 -122.901
41.5931 -81.5268
41.662 -86.1586
38.8403 -97.6114
34.1336 -117.908
40.0581 -82.4013
38.6631 -90.5771
39.1157 -77.5636
33.9462 -84.3346
31.3271 -89.2903
42.4973 -82.9371
26.3398 -81.7787
42.2012 -85.58
44.9597 -93.3702
35.042 -89.6645
41.5623 -72.6506
36.1156 -97.0584
41.8137 -71.3701
39.8387 -86.0253
43.0495 -88.0076
41.6662 -81.3396
37.5949 -120.958
32.5885 -96.9561
40.7584 -82.5154
42.0987 -75.918
47.6777 -116.78
35.2828 -120.66
48.233 -101.292
33.8303 -116.545
34.2284 -92.0032
29.3838 -94.9027
33.0185 -80.1756
42.563 -114.461
38.2776 -85.7372
33.7839 -116.959
34.6993 -86.7483
40.5187 -78.3947
39.2014 -85.9214
39.7092 -84.0633
28.6934 -81.5322
41.8995 -87.9403
33.0581 -112.048
36.7281 -108.219
42.0698 -87.7878
41.5201 -81.5562
40.5247 -111.864
38.8916 -121.293
31.5455 -110.277
47.0343 -122.823
30.396 -88.8853
41.3145 -81.8357
41.7003 -70.3002
33.0151 -96.5389
40.4594 -74.3608
35.4874 -80.6217
38.0293 -78.4767
39.6133 -105.017
28.6122 -80.8076
40.8859 -74.0435
37.5297 -122.04
42.4501 -73.2454
39.9626 -76.7277
41.88 -88.0078
41.9445 -71.2856
41.9295 -88.7504
37.2296 -80.4139
40.0992 -83.1141
32.7996 -97.2692
34.6392 -120.458
32.792 -115.563
37.8216 -122
38.5767 -92.1735
25.5808 -80.3469
26.1723 -80.132
25.9331 -80.1625
40.6576 -73.5832
41.5067 -90.5151
33.6803 -116.174
27.4467 -80.3256
35.9828 -86.5186
40.8894 -111.881
43.773 -88.4471
42.4084 -71.0537
36.586 -79.395
32.9342 -97.2293
38.5201 -89.984
33.9653 -118.151
35.1595 -84.8766
26.2173 -80.2259
39.3455 -84.5603
42.5195 -70.8967
33.7445 -118.387
37.6305 -122.411
43.2081 -71.5376
44.4759 -73.2121
35.7327 -78.8503
43.6156 -84.2472
28.6611 -81.3656
38.0608 -97.9298
42.1663 -87.9631
41.6267 -93.7122
40.7934 -77.86
40.1106 -88.2073
41.6322 -88.212
38.7509 -77.4753
41.995 -88.1856
40.7684 -74.1454
32.3909 -110.966
41.0442 -83.6499
38.3396 -122.701
42.1251 -72.7495
40.622 -74.2446
33.9204 -80.3415
41.2459 -75.8813
42.0029 -71.5148
42.5251 -71.7598
41.3165 -73.0932
33.9167 -117.9
39.0837 -84.5086
32.9312 -96.4597
32.3643 -88.7037
40.5219 -111.939
28.2489 -81.2812
39.9356 -91.4099
37.1305 -121.654
41.2376 -80.8184
47.8107 -122.377
32.5421 -97.3208
42.5584 -70.88
44.1636 -93.9994
39.6418 -77.72
34.54 -112.469
37.2872 -121.95
42.5349 -92.4453
33.9295 -116.977
34.02 -117.95
42.2411 -88.3162
42.5834 -71.8023
41.9125 -88.1348
35.7345 -81.3445
42.0256 -88.1784
41.5243 -72.0759
32.9546 -97.015
34.0961 -118.106
42.2043 -72.6162
36.3729 -94.2088
34.7998 -87.6773
33.9699 -84.2215
36.0331 -86.7828
45.677 -111.043
42.9764 -88.1084
32.981 -80.0326
30.7235 -95.5508
34.61 -112.316
44.953 -92.9952
41.6475 -88.0895
32.6518 -96.9083
39.3643 -74.4229
34.4048 -103.205
33.0806 -96.8928
34.0211 -118.396
42.3459 -71.5523
32.2163 -80.7526
46.8738 -96.7678
32.6789 -115.499
35.1359 -114.529
35.0868 -89.8101
33.6634 -116.31
39.7137 -82.5993
44.9591 -89.6301
33.6357 -96.6089
28.5692 -81.544
44.7974 -93.5273
42.4793 -71.1523
47.5673 -122.633
41.5095 -90.5787
35.7479 -95.3697
37.3059 -89.5181
38.9784 -76.4922
26.6276 -80.1354
29.2858 -81.0559
25.9812 -80.1484
33.8025 -117.993
47.1854 -122.293
37.6138 -122.487
41.9995 -88.1451
32.8235 -97.1706
40.7426 -84.1052
32.4364 -111.222
42.1211 -88.2579
37.9974 -121.712
39.8439 -84.1247
32.5921 -96.7561
34.0775 -117.69
42.1392 -87.929
43.0606 -88.1065
42.0111 -87.8406
34.1954 -79.7626
41.1616 -112.026
28.5653 -81.5862
42.3918 -71.0328
40.6643 -73.7085
34.9496 -81.932
45.4207 -122.671
29.5294 -95.201
40.1262 -82.9291
39.8962 -104.981
32.471 -85.0008
39.8815 -83.093
33.4251 -94.0477
41.9317 -87.989
39.1582 -75.5244
42.2506 -83.1785
41.6156 -87.5295
43.2342 -86.2484
25.9565 -80.1392
38.0194 -122.134
42.9614 -88.0126
33.415 -111.55
34.1443 -118.002
26.1595 -97.9908
44.9901 -123.026
40.115 -111.655
42.5083 -89.0318
30.1588 -85.6602
